00179318
00179989
00172173
100028036
100029078
00194065
00189987
00190816
100030994
100003838
100003834
100000707
00171222
00183920
100009384
100009388
00178712
100007284
100003999
100003998
100003994
100003993
00188100
00192335
100019513
00176951
00176953
00176955
00176957
00186544
100007290
00195486
00166311
100025944
00158131
100010917
100010919
100010918
00136994
00136995
100001342
00122203
00192279
100010902
100010585
00189358
100001339
00180636
00195860
100008682
100008681
00185717
100009007
00134866
00197002
100025862
100010567
00191287
00189971
100026540
00196033
00196034
100004367
00188764
00184940
00189969
00176800
00196040
100001209
100005769
100000911
00190843
100025857
00192280
00112192
00171217
00171218
00176799
100030000
00189830
100001212
100019934
100019935
00163022
100031056
00184345
00193011
100006620
100020573
100008868
100008860
00158374
100008734
00171096
00196790
100001709
00196799
00158388
00171317
00191043
