00009959
00009960
00012219
00018938
00037945
00080809
00089512
00090368
00093617
00093618
00093621
00101154
00105053
00108860
00116976
00126278
00128845
00128846
00128850
00128851
00128852
00128853
00128854
00128857
00128859
00128860
00128861
00129149
00130908
00131222
00131952
00134101
00135576
00135580
00136096
00152041
00154245
00154274
00154614
00156954
00157641
00158800
00159179
00163044
00163605
00165279
00165347
00165498
00166702
00167367
00168182
00168431
00168454
00168526
00171395
00172149
00173026
00173654
00173748
00174233
00174327
00174328
00174838
00174839
00174842
00174993
00175191
00175413
00175725
00175775
00175785
00176080
00177075
00177085
00177217
00177580
00177660
00177999
00178961
00179021
00179320
00179521
00179523
00179524
00179525
00180526
00180981
00181072
00181074
00181950
00182151
00182471
00182912
00182920
00182921
00182925
00182973
00183343
00183399
00183520
00183764
00183889
00183972
00184081
00184082
00184083
00184086
00184091
00184092
00184093
00184094
00184340
00185278
00185362
00185378
00185379
00186489
00186552
00187344
00187510
00187592
00187593
00187594
00187682
00187726
00187826
00187829
00187954
00188107
00188249
00188260
00188353
00188641
00188642
00188717
00189063
00189175
00189212
00189517
00189718
00189765
00189813
00189836
00189837
00189839
00189840
00189841
00189842
00189847
00189911
00190066
00190134
00190135
00190151
00190170
00190171
00191721
00191862
00191875
00191952
00191955
00192027
00192029
00192034
00192169
00192260
00192397
00192400
00192401
00192402
00192404
00192413
00192416
00192702
00192713
00192916
00193533
00193536
00194184
00194564
00194633
00195013
00195058
00195323
00195392
00195663
00195844
00196006
00196035
00196078
00196135
00196136
00196155
00196156
00196157
00196534
00196536
00196658
00196793
00197017
00197020
00197028
00197357
00197359
00197442
00197463
00197466
00197467
00197468
00197469
00197470
00197471
00197475
100000304
100000421
100000605
100000608
100000631
100000704
100000726
100000734
100001312
100001315
100001526
100001607
100001626
100001762
100001765
100001779
100001974
100002606
100002929
100002932
100003082
100003393
100003394
100003475
100003853
100003872
100003873
100003895
100003977
100003981
100004003
100004305
100004541
100004543
100004830
100005382
100005385
100005780
100005781
100006081
100006226
100006817
100006966
100007047
100007205
100007230
100007235
100007261
100007359
100007372
100007434
100007459
100007803
100007836
100007934
100007937
100007939
100007941
100007942
100007972
100007973
100007977
100007980
100007981
100007982
100007985
100008018
100008220
100008254
100008268
100008611
100008612
100008717
100008733
100008865
100008866
100008867
100008910
100008915
100008918
100008928
100008934
100008936
100008940
100008941
100009012
100009027
100009090
100009159
100009302
100009396
100009419
100009426
100009978
100010005
100010007
100010172
100010182
100010196
100010198
100010208
100010378
100011172
100011228
100011272
100011322
100011334
100011755
100011822
100011824
100012079
100012254
100012255
100012419
100012420
100012421
100014435
100014436
100014534
100016248
100017261
100017262
100017263
100017264
100017340
100018050
100018083
100018093
100018449
100019234
100020156
100020237
100020520
100021936
100021937
100021939
100021940
100021941
100021942
100021944
100022034
100022035
100022036
100022734
100022735
100022853
100022854
100022855
100022935
100022937
100022942
100022943
100023344
100023394
100023395
100023446
100023466
100023857
100023861
100023864
100024634
100024946
100024950
100024962
100025234
100025235
100025237
100025239
100025241
100025243
100025244
100025248
100025249
100025250
100025251
100025646
100025647
100025855
100025865
100026052
100026147
100026150
100026152
100026203
100026207
100026285
100026303
100026350
100026444
100026636
100026637
100026638
100026639
100026879
100026906
100026909
100028035
100028398
100028399
100028586
100029037
100029234
100029245
100029249
100029364
100029448
100029449
100029451
100029452
100029790
100029935
100029936
100030153
100030155
100030346
100030347
100030349
100030352
100030354
100030437
100030771
100030772
100030946
100030949
100031145
100031447
100031490
100031909
100031910
100031911
100031935
100031937
100031939
100032088
100032548
100032549
100033044
100033045
100033046
100033735
100034063
100034064
100034181
100034185
100034694
100034696
100034698
100035747
100036466
100036905
100036908
100036911
100036912
100036917
100036924
100036926
100036927
100036928
100036929
100036930
100036969
100036971
100036975
100036977
100036980
100036997
100037006
100037007
100037019
100037020
100037187
100037237
100037238
100037283
100037292
100037814
100037819
100038164
100038338
100038339
100038340
100038341
100038342
100038343
100038344
100038345
100038347
100038348
100038349
100038350
100038351
100038353
100038354
100038355
100038356
100038357
100039090
100039091
100039393
100040456
