00014296
00015368
00018758
00078575
00079512
00088754
00100248
00100249
00101932
00104876
00104880
00104881
00104882
00105877
00105880
00105881
00110220
00110418
00114248
00120888
00121459
00122678
00125801
00125933
00127735
00128849
00128855
00128862
00128866
00130711
00132370
00132759
00133533
00133827
00133853
00133854
00133876
00134100
00134106
00134574
00135186
00135578
00135586
00135762
00136959
00137344
00137346
00137398
00137792
00137808
00137905
00137906
00137907
00137908
00138124
00138245
00138380
00138387
00138419
00138912
00138916
00139254
00140433
00142164
00143272
00143273
00143920
00145472
00145843
00147681
00148088
00148092
00150807
00152561
00154246
00154379
00154485
00154615
00156291
00156478
00156518
00156519
00156520
00156521
00156864
00156898
00156953
00156995
00157500
00157503
00157506
00157649
00157726
00158278
00158323
00158650
00158845
00158876
00158877
00158905
00158906
00158909
00158910
00158911
00158912
00158913
00158914
00158963
00159057
00159458
00159479
00159505
00159847
00160134
00160139
00160154
00160244
00160380
00160785
00160787
00160809
00160810
00160814
00161051
00161221
00161620
00161941
00161942
00162029
00162290
00162375
00162394
00162396
00162397
00162398
00162399
00162403
00162404
00162405
00162441
00162684
00162685
00162686
00162747
00162748
00162915
00163268
00163728
00164083
00164095
00164359
00164556
00164557
00164558
00164564
00165116
00165133
00165287
00165540
00165874
00166140
00166252
00166656
00166666
00166910
00166965
00167339
00167340
00167342
00167343
00167623
00167736
00167841
00167979
00167980
00167981
00167984
00168184
00168186
00168241
00168242
00168249
00168250
00168251
00168496
00168497
00169256
00169490
00169491
00169493
00169781
00170071
00170348
00170392
00170922
00171035
00171049
00171100
00171639
00171640
00171860
00171864
00171888
00171930
00172667
00173009
00173029
00173159
00173160
00173163
00173361
00173368
00173370
00173373
00173374
00173377
00173659
00173733
00173809
00173810
00173811
00173812
00173843
00173845
00174076
00174081
00174234
00174235
00174236
00174329
00174330
00174331
00174379
00174825
00174828
00174840
00174930
00174931
00174932
00174933
00174938
00174989
00175056
00175057
00175092
00175410
00175412
00175435
00175521
00175640
00175675
00175685
00175686
00175744
00175756
00175757
00175759
00175780
00175782
00175881
00176066
00176067
00176077
00176146
00176147
00176148
00176215
00176226
00176291
00176300
00176412
00176413
00176414
00176415
00176437
00176478
00176646
00176648
00176650
00176663
00176666
00176671
00176726
00176893
00176939
00176940
00176956
00177088
00177481
00177482
00177508
00177584
00177756
00177812
00178033
00178034
00178035
00178153
00178198
00178200
00178202
00178203
00178219
00178284
00178345
00178346
00178354
00178482
00178607
00178608
00178609
00178802
00178803
00179109
00179110
00179215
00179224
00179243
00179317
00179545
00179602
00179961
00180040
00180065
00180161
00180205
00180241
00180284
00180356
00180369
00180384
00180481
00180518
00180529
00180569
00180607
00180651
00180729
00180749
00180832
00180983
00181078
00181079
00181081
00181082
00181083
00181084
00181191
00181192
00181212
00181216
00181253
00181437
00181499
00181555
00181711
00181749
00181750
00181845
00181863
00181865
00181870
00181932
00182124
00182125
00182134
00182136
00182150
00182157
00182187
00182197
00182240
00182461
00182625
00182660
00182661
00182662
00182663
00182685
00182759
00182900
00182913
00182989
00182999
00183065
00183078
00183161
00183162
00183195
00183315
00183392
00183434
00183436
00183450
00183454
00183499
00183563
00183635
00183638
00183642
00183643
00183728
00183753
00183763
00183766
00183862
00183863
00183872
00183884
00183890
00183891
00183892
00183894
00183898
00183918
00183973
00184134
00184144
00184177
00184195
00184198
00184308
00184310
00184464
00184700
00184716
00184717
00184777
00184866
00184964
00184965
00184966
00184984
00184986
00184989
00184991
00185055
00185057
00185058
00185059
00185060
00185062
00185063
00185064
00185074
00185143
00185149
00185150
00185151
00185244
00185281
00185301
00185383
00185457
00185501
00185511
00185512
00185524
00185552
00185574
00185678
00185687
00185791
00185792
00185793
00185794
00185925
00185927
00185928
00186064
00186067
00186077
00186088
00186089
00186091
00186132
00186565
00186711
00186712
00186717
00186743
00186757
00186759
00187542
00187727
00187728
00187729
00187738
00187745
00187820
00187885
00187886
00187917
00187960
00188087
00188088
00188089
00188139
00188155
00188252
00188253
00188254
00188263
00188294
00188467
00188508
00188577
00188579
00188580
00188581
00188582
00188584
00188589
00188593
00188623
00188721
00188722
00188916
00188917
00189062
00189079
00189088
00189089
00189091
00189092
00189093
00189094
00189357
00189434
00189435
00189440
00189476
00189478
00189479
00189483
00189490
00189519
00189521
00189540
00189544
00189610
00189642
00189725
00189726
00189760
00189762
00189809
00189912
00189991
00189994
00189996
00189997
00189998
00190001
00190010
00190032
00190046
00190121
00190142
00190144
00190164
00190165
00190180
00190182
00190184
00190536
00190598
00190601
00190818
00190947
00190956
00191015
00191120
00191123
00191127
00191128
00191201
00191328
00191345
00191363
00191441
00191451
00191461
00191485
00191487
00191488
00191490
00191491
00191521
00191522
00191523
00191547
00191662
00191664
00191665
00191754
00191755
00191756
00191757
00191805
00191806
00191827
00191828
00191829
00191832
00191837
00191839
00191842
00191895
00191898
00191900
00191901
00191902
00191903
00191904
00191906
00191908
00191909
00191911
00191912
00191913
00191941
00191961
00191962
00192025
00192030
00192031
00192032
00192033
00192041
00192061
00192063
00192091
00192095
00192096
00192097
00192099
00192100
00192105
00192125
00192147
00192150
00192168
00192172
00192176
00192188
00192192
00192298
00192327
00192337
00192351
00192373
00192411
00192415
00192420
00192433
00192436
00192437
00192439
00192440
00192441
00192482
00192512
00192544
00192546
00192547
00192548
00192549
00192550
00192551
00192552
00192553
00192554
00192618
00192623
00192630
00192631
00192632
00192639
00192641
00192643
00192644
00192658
00192707
00192709
00192723
00192735
00192771
00192772
00192777
00192793
00192796
00192804
00192824
00192826
00192827
00192830
00192832
00192833
00192834
00192835
00192836
00192857
00192859
00192860
00192861
00192867
00192869
00192895
00192915
00192918
00192929
00192933
00192934
00192936
00192947
00193074
00193109
00193113
00193116
00193119
00193145
00193160
00193215
00193217
00193224
00193265
00193270
00193322
00193464
00193467
00193479
00193498
00193523
00193606
00193615
00193629
00193672
00193695
00193696
00193714
00193743
00193744
00193757
00193777
00193843
00193885
00193891
00193893
00193894
00193895
00193949
00193952
00193961
00193988
00194087
00194089
00194133
00194135
00194179
00194414
00194415
00194418
00194427
00194519
00194616
00194634
00194638
00194639
00194640
00194641
00194663
00194664
00194665
00194666
00194667
00194774
00194869
00194871
00194874
00194880
00194881
00194893
00194948
00194980
00194995
00195011
00195023
00195024
00195049
00195050
00195054
00195055
00195062
00195115
00195194
00195195
00195198
00195201
00195220
00195221
00195235
00195236
00195237
00195238
00195240
00195242
00195243
00195245
00195246
00195247
00195248
00195249
00195250
00195251
00195255
00195291
00195312
00195313
00195314
00195315
00195418
00195420
00195425
00195439
00195469
00195470
00195524
00195526
00195537
00195538
00195539
00195541
00195542
00195545
00195552
00195554
00195557
00195571
00195572
00195580
00195632
00195643
00195647
00195665
00195666
00195667
00195668
00195818
00195831
00195834
00195856
00195861
00195896
00195925
00195928
00195931
00195932
00196046
00196077
00196096
00196098
00196115
00196133
00196137
00196197
00196202
00196237
00196238
00196264
00196295
00196299
00196367
00196379
00196382
00196384
00196385
00196386
00196389
00196390
00196398
00196399
00196400
00196421
00196422
00196424
00196427
00196429
00196430
00196432
00196450
00196452
00196454
00196464
00196489
00196494
00196517
00196518
00196533
00196564
00196620
00196650
00196651
00196652
00196654
00196656
00196659
00196660
00196661
00196676
00196677
00196690
00196699
00196700
00196735
00196763
00196821
00196832
00196834
00196839
00196841
00196850
00196859
00196877
00196974
00196979
00197021
00197022
00197023
00197024
00197025
00197029
00197030
00197058
00197059
00197060
00197061
00197065
00197066
00197069
00197072
00197087
00197090
00197092
00197098
00197111
00197114
00197116
00197142
00197144
00197223
00197225
00197227
00197228
00197229
00197234
00197235
00197242
00197281
00197286
00197290
00197291
00197294
00197358
00197373
00197375
00197452
00197535
00197536
00197539
00197554
00197580
100000201
100000202
100000614
100000634
100000753
100000904
100000905
100000906
100000907
100000908
100000909
100000912
100000913
100001204
100001207
100001304
100001341
100001507
100001534
100001535
100001537
100001538
100001543
100001544
100001635
100001684
100001711
100001724
100001734
100001745
100001768
100001773
100001806
100001969
100001970
100001979
100001986
100002304
100002306
100002592
100002593
100002594
100002720
100002808
100002809
100002811
100002812
100002813
100002815
100002862
100002863
100002865
100002935
100002977
100002978
100002985
100003015
100003020
100003023
100003031
100003035
100003044
100003046
100003048
100003052
100003053
100003083
100003085
100003089
100003090
100003093
100003094
100003095
100003096
100003097
100003098
100003099
100003100
100003115
100003417
100003418
100003419
100003420
100003542
100003543
100003604
100003606
100003607
100003608
100003610
100003611
100003612
100003613
100003614
100003615
100003616
100003617
100003813
100003866
100003893
100003913
100003916
100003922
100003928
100003943
100003959
100003961
100004012
100004021
100004022
100004025
100004109
100004121
100004122
100004124
100004125
100004127
100004129
100004136
100004137
100004139
100004140
100004143
100004144
100004145
100004152
100004160
100004165
100004168
100004172
100004173
100004179
100004181
100004192
100004200
100004213
100004214
100004217
100004219
100004220
100004333
100004373
100004375
100004377
100004439
100004443
100004604
100004636
100004637
100004644
100004645
100004704
100004742
100004767
100004809
100004923
100004926
100004930
100004932
100004933
100004934
100004935
100004936
100004938
100004959
100005125
100005128
100005252
100005254
100005275
100005276
100005298
100005300
100005304
100005400
100005418
100005419
100005420
100005421
100005422
100005423
100005425
100005521
100005530
100005568
100005597
100005635
100005771
100005772
100005789
100005806
100005815
100005913
100006031
100006033
100006034
100006035
100006040
100006044
100006047
100006055
100006056
100006057
100006058
100006062
100006063
100006065
100006092
100006094
100006095
100006097
100006098
100006099
100006101
100006104
100006110
100006112
100006115
100006118
100006119
100006120
100006253
100006293
100006294
100006305
100006405
100006605
100006608
100006609
100006610
100006611
100006621
100006717
100006744
100006814
100006962
100007065
100007066
100007067
100007068
100007070
100007072
100007147
100007148
100007149
100007150
100007151
100007152
100007153
100007154
100007158
100007165
100007167
100007169
100007171
100007178
100007179
100007180
100007181
100007182
100007183
100007184
100007186
100007189
100007190
100007210
100007212
100007213
100007214
100007247
100007282
100007289
100007293
100007313
100007316
100007317
100007328
100007344
100007368
100007369
100007370
100007454
100007460
100007461
100007464
100007482
100007488
100007490
100007516
100007517
100007520
100007525
100007528
100007529
100007560
100007787
100007788
100007789
100007790
100007798
100007799
100007837
100007838
100007839
100007904
100007949
100007951
100007958
100007961
100007962
100007963
100007974
100007975
100007976
100007979
100008002
100008019
100008030
100008066
100008123
100008127
100008219
100008408
100008504
100008534
100008560
100008572
100008575
100008597
100008623
100008662
100008665
100008667
100008671
100008685
100008718
100008752
100008753
100008754
100008755
100008757
100008758
100008759
100008760
100008764
100008775
100008780
100008862
100008863
100008873
100008921
100008943
100009006
100009015
100009016
100009018
100009023
100009024
100009025
100009078
100009079
100009080
100009081
100009101
100009127
100009130
100009133
100009134
100009135
100009137
100009138
100009141
100009143
100009144
100009146
100009153
100009154
100009155
100009157
100009158
100009165
100009167
100009172
100009175
100009177
100009178
100009179
100009184
100009199
100009200
100009201
100009207
100009209
100009434
100009435
100009436
100009437
100009438
100009439
100009440
100009441
100009442
100009445
100009446
100009657
100009661
100009675
100009677
100009687
100009689
100009692
100009694
100009696
100009701
100009704
100009706
100009707
100009708
100009941
100009942
100009943
100009944
100009967
100009969
100009970
100009971
100009973
100009974
100010000
100010002
100010003
100010008
100010011
100010018
100010024
100010027
100010035
100010259
100010260
100010261
100010262
100010263
100010264
100010265
100010266
100010267
100010268
100010341
100010342
100010345
100010346
100010347
100010354
100010361
100010362
100010364
100010365
100010366
100010368
100010379
100010380
100010389
100010390
100010391
100010392
100010437
100010441
100010539
100010541
100010547
100010550
100010551
100010552
100010578
100010591
100010594
100010599
100010736
100010925
100010927
100010934
100010942
100011202
100011223
100011230
100011232
100011233
100011253
100011262
100011263
100011268
100011304
100011306
100011310
100011311
100011313
100011324
100011336
100011337
100011338
100011339
100011534
100011546
100011597
100011646
100011661
100011678
100011734
100011735
100011738
100011739
100011746
100011752
100011759
100011760
100011761
100011769
100011787
100011856
100011857
100011858
100011860
100011862
100011864
100011934
100011964
100011974
100012033
100012065
100012150
100012160
100012163
100012164
100012165
100012167
100012168
100012169
100012171
100012173
100012176
100012177
100012178
100012181
100012182
100012183
100012185
100012199
100012249
100012250
100012251
100012252
100012263
100012342
100012352
100012353
100012422
100012428
100012430
100012453
100012454
100012534
100012535
100012536
100012537
100012538
100012539
100012540
100012554
100012834
100012835
100012936
100014138
100014139
100014234
100014335
100014336
100014535
100014539
100014541
100014734
100014837
100015635
100016041
100016435
100016436
100016437
100016547
100016572
100016741
100016934
100017035
100017145
100017240
100017242
100017244
100017439
100017444
100017445
100017534
100017535
100017537
100017750
100017751
100017752
100017754
100017755
100017757
100018103
100018116
100018137
100018147
100018148
100018151
100018154
100018155
100018445
100018448
100018450
100018634
100018834
100018835
100018836
100018837
100019167
100019169
100019170
100019171
100019173
100019177
100019181
100019182
100019233
100019236
100019252
100019254
100019255
100019443
100019445
100019446
100019447
100019508
100019510
100019834
100019936
100019937
100020035
100020153
100020172
100020173
100020177
100020179
100020334
100020336
100020444
100020455
100020457
100020497
100020499
100020500
100020502
100020503
100020504
100020507
100020508
100020510
100020560
100020565
100020567
100020569
100020583
100020734
100020735
100020839
100021134
100021137
100021138
100021139
100021140
100021141
100021142
100021143
100021144
100021145
100021146
100021234
100021235
100021236
100021237
100021238
100021239
100021240
100021241
100021242
100021243
100021244
100021245
100021246
100021247
100021249
100021252
100021536
100021537
100021538
100021642
100021645
100021646
100021847
100021851
100021852
100021854
100021856
100021857
100021859
100021861
100022159
100022161
100022177
100022179
100022183
100022260
100022661
100022834
100022835
100022838
100022843
100022847
100022848
100022849
100022850
100022936
100022941
100022944
100023111
100023117
100023118
100023128
100023150
100023151
100023152
100023153
100023154
100023251
100023252
100023254
100023255
100023256
100023257
100023266
100023417
100023418
100023462
100023467
100023484
100023592
100023593
100023758
100023834
100023835
100023836
100023934
100023936
100023937
100023938
100023939
100023940
100023941
100023943
100023944
100023954
100023965
100023968
100023969
100023989
100023991
100023993
100023994
100024085
100024092
100024127
100024184
100024189
100024202
100024206
100024209
100024214
100024220
100024230
100024235
100024236
100024237
100024239
100024242
100024243
100024245
100024257
100024258
100024260
100024264
100024268
100024341
100024342
100024346
100024436
100024438
100024439
100024441
100024734
100024735
100024934
100024947
100024952
100024954
100024959
100024960
100025143
100025150
100025157
100025158
100025159
100025162
100025253
100025254
100025582
100025588
100025589
100025590
100025591
100025592
100025593
100025594
100025602
100025621
100025623
100025665
100025666
100025675
100025678
100025680
100025681
100025860
100025861
100025863
100025864
100025866
100025867
100025868
100025934
100025935
100026034
100026054
100026139
100026140
100026141
100026164
100026165
100026179
100026180
100026211
100026212
100026213
100026214
100026219
100026220
100026221
100026224
100026235
100026236
100026238
100026239
100026240
100026241
100026242
100026265
100026279
100026284
100026287
100026289
100026290
100026291
100026292
100026293
100026296
100026297
100026298
100026301
100026302
100026346
100026347
100026351
100026353
100026354
100026355
100026356
100026361
100026362
100026363
100026364
100026437
100026438
100026439
100026449
100026450
100026457
100026542
100026546
100026648
100026657
100026658
100026659
100026665
100026666
100026667
100026668
100026670
100026672
100026673
100026676
100026677
100026678
100026734
100026868
100026872
100026878
100026880
100026882
100026883
100026884
100026886
100026888
100026901
100026902
100026933
100027041
100027048
100027049
100027111
100027118
100027119
100027134
100027240
100027241
100027651
100027834
100027835
100027836
100027837
100027839
100027840
100027841
100027842
100027855
100027874
100027929
100027930
100027932
100027939
100027940
100027941
100027942
100028038
100028039
100028040
100028043
100028045
100028046
100028047
100028048
100028141
100028154
100028335
100028394
100028395
100028396
100028397
100028400
100028401
100028402
100028408
100028413
100028438
100028550
100028552
100028554
100028556
100028557
100028558
100028560
100028562
100028564
100028565
100028566
100028569
100028570
100028572
100028575
100028576
100028577
100028578
100028580
100028582
100028592
100028594
100028595
100028596
100028597
100028598
100028599
100028602
100028605
100028606
100028607
100028610
100028611
100028635
100028637
100028638
100028773
100028775
100028934
100028935
100028936
100028937
100028938
100028950
100028951
100028952
100028976
100028978
100028992
100028994
100029039
100029059
100029077
100029134
100029142
100029149
100029150
100029151
100029152
100029153
100029154
100029240
100029241
100029251
100029335
100029336
100029338
100029339
100029340
100029346
100029373
100029374
100029453
100029455
100029457
100029458
100029638
100029654
100029663
100029667
100029670
100029671
100029672
100029673
100029675
100029683
100029684
100029686
100029688
100029689
100029690
100029696
100029697
100029698
100029699
100029704
100029707
100029761
100029786
100029787
100029788
100029789
100029791
100029793
100029804
100029807
100029826
100029829
100029830
100029831
100029832
100029833
100029934
100029938
100029941
100029943
100029945
100029947
100029949
100029951
100029953
100029955
100029959
100029962
100029966
100029967
100029969
100029973
100029974
100029975
100029976
100029977
100029981
100029982
100029983
100029984
100030011
100030013
100030014
100030015
100030016
100030017
100030055
100030134
100030136
100030139
100030145
100030146
100030147
100030148
100030149
100030150
100030154
100030156
100030169
100030170
100030171
100030176
100030180
100030181
100030182
100030239
100030240
100030241
100030242
100030356
100030359
100030361
100030362
100030363
100030364
100030365
100030367
100030368
100030369
100030371
100030374
100030379
100030380
100030388
100030390
100030392
100030393
100030394
100030395
100030396
100030398
100030419
100030421
100030422
100030423
100030426
100030434
100030435
100030436
100030528
100030542
100030544
100030550
100030553
100030554
100030555
100030559
100030562
100030563
100030567
100030569
100030572
100030577
100030584
100030611
100030612
100030619
100030622
100030625
100030635
100030636
100030638
100030639
100030640
100030641
100030647
100030649
100030651
100030653
100030656
100030657
100030658
100030661
100030664
100030665
100030666
100030667
100030671
100030677
100030680
100030682
100030683
100030684
100030685
100030686
100030687
100030690
100030693
100030695
100030696
100030697
100030700
100030711
100030736
100030756
100030760
100030773
100030774
100030778
100030829
100030830
100030934
100030935
100030936
100030937
100030944
100030945
100030952
100030961
100030981
100030984
100030985
100030988
100031032
100031033
100031036
100031050
100031051
100031053
100031063
100031065
100031067
100031069
100031070
100031078
100031079
100031081
100031086
100031088
100031089
100031094
100031095
100031096
100031097
100031098
100031099
100031100
100031101
100031102
100031103
100031105
100031106
100031108
100031109
100031142
100031143
100031144
100031337
100031338
100031350
100031356
100031357
100031358
100031360
100031362
100031363
100031364
100031435
100031436
100031437
100031438
100031470
100031471
100031502
100031535
100031539
100031540
100031543
100031564
100031567
100031568
100031569
100031570
100031587
100031605
100031628
100031658
100031659
100031675
100031676
100031677
100031678
100031679
100031863
100031864
100031865
100031871
100031872
100031873
100031886
100031888
100031890
100031891
100031893
100031894
100031919
100031931
100031932
100031943
100032034
100032036
100032037
100032038
100032040
100032041
100032042
100032043
100032045
100032046
100032047
100032048
100032052
100032062
100032063
100032066
100032068
100032069
100032070
100032085
100032086
100032089
100032134
100032135
100032136
100032435
100032552
100032553
100032555
100032581
100032582
100032583
100032585
100032586
100032587
100032589
100032649
100032650
100032651
100032762
100032763
100032764
100032834
100032847
100032848
100032935
100032936
100032937
100032942
100032985
100032986
100032996
100032997
100032998
100033000
100033043
100033137
100033138
100033139
100033140
100033141
100033142
100033143
100033144
100033145
100033150
100033151
100033153
100033154
100033155
100033160
100033163
100033167
100033168
100033169
100033171
100033174
100033396
100033397
100033412
100033414
100033418
100033419
100033425
100033426
100033427
100033428
100033430
100033444
100033535
100033536
100033564
100033567
100033570
100033584
100033637
100033651
100033737
100033738
100033748
100033750
100033771
100033772
100033775
100033776
100033777
100033781
100033782
100033783
100033791
100034169
100034170
100034171
100034173
100034174
100034180
100034257
100034334
100034440
100034540
100034541
100034548
100034550
100034554
100034556
100034585
100034588
100034590
100034594
100034598
100034599
100034600
100034607
100034608
100034614
100034615
100034617
100034620
100034627
100034633
100034691
100034692
100034695
100034699
100034700
100034701
100034706
100034707
100034708
100034709
100034710
100034711
100034712
100034714
100034750
100034753
100034759
100034761
100034762
100034786
100034787
100034799
100034804
100034806
100034808
100034810
100034812
100034814
100035046
100035256
100035257
100035258
100035259
100035260
100035262
100035343
100035344
100035345
100035346
100035347
100035348
100035463
100035465
100035545
100035546
100035637
100035639
100035721
100035744
100035745
100035746
100035749
100035753
100035861
100035892
100035893
100035896
100035940
100035942
100035948
100036048
100036051
100036054
100036055
100036065
100036067
100036080
100036120
100036122
100036124
100036139
100036142
100036144
100036160
100036164
100036170
100036178
100036182
100036194
100036207
100036209
100036210
100036211
100036212
100036214
100036215
100036216
100036217
100036219
100036220
100036221
100036244
100036270
100036272
100036274
100036277
100036284
100036286
100036289
100036291
100036292
100036295
100036298
100036301
100036302
100036322
100036323
100036324
100036325
100036328
100036330
100036332
100036427
100036428
100036445
100036447
100036449
100036463
100036464
100036465
100036480
100036494
100036508
100036509
100036510
100036511
100036513
100036514
100036524
100036527
100036636
100036638
100036639
100036656
100036657
100036658
100036659
100036773
100036805
100036807
100036809
100036811
100036812
100036813
100036814
100036815
100036816
100036817
100036818
100036819
100036820
100036821
100036822
100036823
100036824
100036825
100036841
100036842
100036844
100036845
100036846
100036847
100036849
100036850
100036851
100036853
100036854
100036855
100036856
100036857
100036858
100036859
100036860
100036861
100036862
100036863
100036864
100036865
100036866
100036867
100036868
100036869
100036870
100036871
100036875
100036876
100036901
100036903
100036904
100036909
100036918
100036937
100036961
100036965
100036970
100036972
100036988
100037004
100037012
100037013
100037015
100037016
100037022
100037061
100037134
100037136
100037168
100037174
100037192
100037202
100037266
100037267
100037282
100037286
100037288
100037290
100037294
100037296
100037312
100037314
100037317
100037318
100037362
100037364
100037365
100037369
100037372
100037373
100037374
100037376
100037406
100037447
100037468
100037471
100037472
100037473
100037543
100037670
100037683
100037714
100037717
100037722
100037724
100037792
100037818
100037831
100037852
100037854
100037855
100037856
100037859
100037860
100037884
100037889
100037965
100038008
100038097
100038098
100038099
100038100
100038101
100038103
100038104
100038107
100038112
100038113
100038114
100038202
100038210
100038215
100038224
100038272
100038285
100038290
100038358
100038359
100038360
100038362
100038378
100038380
100038382
100038383
100038385
100038386
100038387
100038388
100038433
100038565
100038567
100038734
100038735
100038736
100038737
100038738
100038739
100038740
100038741
100038763
100038765
100038945
100038952
100038988
100038991
100038993
100039017
100039019
100039088
100039238
100039249
100039252
100039253
100039254
100039256
100039380
100039381
100039382
100039383
100039387
100039389
100039391
100039392
100039549
100039551
100039553
100039554
100039834
100040251
100040256
100040434
100040438
100040440
100040442
100040541
100041441
100041955
100042053
100042068
100042069
100042447
100042747
100042752
