00009959
00009960
00011865
00012219
00012590
00016652
00016724
00018938
00022712
00035404
00035828
00036103
00037945
00049100
00049104
00059279
00065313
00070514
00080809
00080819
00089512
00090368
00092334
00093617
00093618
00093621
00093734
00095636
00098180
00099886
00100333
00101154
00102503
00104351
00105053
00105084
00105116
00105118
00106526
00107856
00107861
00108792
00108860
00110190
00111040
00112192
00114247
00114249
00114521
00116814
00116816
00116819
00116846
00116976
00117054
00117055
00117398
00118776
00118841
00118863
00118871
00121093
00121094
00121461
00121809
00122203
00122222
00124063
00124070
00124962
00126278
00126553
00127250
00127251
00128768
00128845
00128846
00128848
00128850
00128851
00128852
00128853
00128854
00128857
00128859
00128860
00128861
00128917
00128940
00128994
00129007
00129119
00129120
00129131
00129137
00129141
00129148
00129149
00130112
00130124
00130125
00130154
00130908
00130949
00131116
00131194
00131222
00131248
00131952
00131980
00132006
00132912
00132933
00133125
00133532
00133851
00133925
00134101
00134564
00134805
00134818
00134820
00134866
00135029
00135384
00135386
00135576
00135580
00135744
00135908
00135909
00135998
00136096
00136752
00136964
00136994
00136995
00137114
00137142
00137809
00137810
00137811
00137942
00138315
00138323
00138371
00138372
00138811
00138877
00138919
00139098
00139103
00139575
00139577
00140221
00140788
00140930
00141832
00143219
00151333
00151616
00152041
00152109
00152387
00152388
00152406
00152419
00152423
00152507
00152508
00152779
00153360
00153410
00153989
00154242
00154243
00154244
00154245
00154274
00154614
00154827
00154852
00154916
00154919
00155198
00155370
00155996
00156122
00156167
00156344
00156465
00156697
00156735
00156890
00156891
00156892
00156954
00157630
00157631
00157641
00157642
00157652
00157729
00157759
00157900
00157901
00157902
00157903
00157909
00158048
00158082
00158130
00158131
00158280
00158374
00158375
00158376
00158388
00158389
00158595
00158748
00158749
00158800
00159161
00159179
00159181
00159294
00159816
00159869
00160340
00160428
00160603
00160866
00161266
00161622
00161623
00161625
00161872
00161873
00161880
00161881
00161882
00161994
00162184
00162374
00162450
00162472
00162614
00162877
00163018
00163022
00163044
00163256
00163259
00163260
00163395
00163519
00163521
00163522
00163523
00163524
00163605
00163669
00163682
00163733
00163758
00163899
00163947
00163949
00163973
00163979
00164041
00164142
00164175
00164514
00164515
00164578
00164579
00164620
00164678
00164687
00164860
00165117
00165119
00165143
00165149
00165240
00165274
00165278
00165279
00165280
00165290
00165345
00165346
00165347
00165348
00165350
00165498
00165555
00165572
00165684
00165751
00165783
00165872
00166020
00166160
00166311
00166548
00166570
00166664
00166700
00166702
00166703
00167246
00167260
00167261
00167367
00167473
00167484
00167485
00167712
00167713
00167714
00167749
00168182
00168183
00168421
00168430
00168431
00168454
00168526
00168537
00168542
00168543
00168547
00168746
00169541
00169595
00169599
00169601
00169746
00169754
00169953
00170057
00170073
00170076
00170077
00170107
00170108
00170109
00170154
00170322
00170329
00170331
00170333
00170728
00170735
00170736
00170737
00170755
00170758
00170762
00170851
00171039
00171060
00171074
00171096
00171103
00171105
00171107
00171108
00171113
00171148
00171149
00171151
00171156
00171178
00171211
00171215
00171217
00171218
00171222
00171225
00171251
00171317
00171378
00171395
00171396
00171413
00171414
00171415
00171417
00171418
00171638
00171642
00171737
00171784
00172119
00172120
00172138
00172139
00172144
00172149
00172173
00172180
00172181
00172182
00172231
00172384
00172676
00172677
00172679
00172682
00173007
00173010
00173020
00173026
00173030
00173031
00173032
00173033
00173034
00173035
00173047
00173157
00173158
00173288
00173355
00173366
00173574
00173587
00173637
00173654
00173661
00173662
00173665
00173689
00173748
00173867
00173948
00173949
00174075
00174077
00174120
00174230
00174231
00174232
00174233
00174315
00174326
00174327
00174328
00174529
00174530
00174838
00174839
00174842
00174847
00174946
00174974
00174993
00175037
00175038
00175062
00175064
00175109
00175118
00175119
00175120
00175125
00175191
00175201
00175202
00175209
00175403
00175407
00175413
00175434
00175438
00175441
00175682
00175725
00175740
00175742
00175743
00175745
00175774
00175775
00175785
00175791
00175792
00175815
00175816
00175822
00175930
00176078
00176079
00176080
00176111
00176113
00176127
00176142
00176211
00176508
00176672
00176673
00176799
00176800
00176855
00176857
00176951
00176953
00176955
00176957
00177021
00177022
00177072
00177073
00177075
00177080
00177081
00177082
00177085
00177086
00177097
00177098
00177100
00177104
00177185
00177217
00177219
00177266
00177424
00177425
00177429
00177474
00177487
00177489
00177573
00177580
00177582
00177644
00177660
00177675
00177743
00177758
00177850
00177999
00178031
00178042
00178104
00178199
00178201
00178220
00178234
00178239
00178244
00178247
00178248
00178254
00178288
00178289
00178290
00178304
00178306
00178541
00178571
00178612
00178712
00178771
00178825
00178826
00178827
00178828
00178829
00178938
00178961
00179019
00179021
00179091
00179117
00179144
00179162
00179318
00179319
00179320
00179359
00179472
00179521
00179523
00179524
00179525
00179758
00179821
00179823
00179826
00179827
00179853
00179973
00179989
00180038
00180063
00180064
00180066
00180067
00180068
00180069
00180153
00180154
00180164
00180230
00180250
00180253
00180266
00180272
00180273
00180274
00180276
00180277
00180285
00180289
00180290
00180294
00180320
00180321
00180322
00180324
00180327
00180328
00180329
00180330
00180362
00180498
00180524
00180525
00180526
00180558
00180604
00180605
00180635
00180636
00180662
00180663
00180714
00180737
00180739
00180752
00180754
00180828
00180906
00180915
00180916
00180981
00181010
00181022
00181027
00181028
00181030
00181033
00181061
00181072
00181074
00181104
00181181
00181244
00181295
00181319
00181320
00181357
00181369
00181411
00181412
00181413
00181414
00181459
00181801
00181803
00181804
00181941
00181949
00181950
00182151
00182153
00182154
00182155
00182223
00182224
00182225
00182293
00182471
00182540
00182550
00182627
00182777
00182778
00182779
00182780
00182781
00182802
00182851
00182853
00182854
00182855
00182870
00182899
00182912
00182914
00182920
00182921
00182925
00182927
00182973
00183057
00183064
00183066
00183067
00183077
00183198
00183199
00183257
00183258
00183274
00183343
00183373
00183374
00183375
00183376
00183389
00183399
00183402
00183404
00183405
00183520
00183556
00183557
00183725
00183764
00183771
00183826
00183827
00183828
00183887
00183889
00183893
00183895
00183897
00183899
00183920
00183924
00183925
00183926
00183972
00184027
00184028
00184030
00184031
00184032
00184033
00184034
00184035
00184060
00184061
00184081
00184082
00184083
00184085
00184086
00184091
00184092
00184093
00184094
00184200
00184202
00184203
00184340
00184341
00184343
00184345
00184407
00184697
00184698
00184699
00184704
00184718
00184720
00184801
00184835
00184862
00184863
00184865
00184868
00184870
00184872
00184874
00184916
00184917
00184918
00184940
00184983
00184985
00184987
00184988
00184990
00184992
00185010
00185012
00185013
00185014
00185015
00185016
00185017
00185018
00185024
00185025
00185033
00185040
00185051
00185054
00185103
00185213
00185214
00185216
00185218
00185219
00185220
00185278
00185280
00185362
00185378
00185379
00185688
00185717
00185771
00185815
00185820
00185870
00185911
00186107
00186108
00186109
00186110
00186116
00186124
00186129
00186131
00186173
00186443
00186489
00186525
00186543
00186544
00186552
00186553
00186715
00186756
00187344
00187510
00187543
00187544
00187545
00187592
00187593
00187594
00187610
00187666
00187677
00187679
00187680
00187681
00187682
00187726
00187736
00187784
00187797
00187809
00187826
00187829
00187953
00187954
00187955
00187956
00187961
00187963
00188086
00188095
00188096
00188098
00188099
00188100
00188102
00188105
00188106
00188107
00188108
00188109
00188110
00188140
00188210
00188249
00188259
00188260
00188312
00188353
00188521
00188630
00188641
00188642
00188717
00188718
00188735
00188737
00188738
00188748
00188749
00188751
00188752
00188753
00188754
00188755
00188756
00188757
00188758
00188759
00188760
00188761
00188763
00188764
00188765
00188767
00188768
00188769
00188770
00188771
00188786
00188800
00188821
00188844
00188845
00188846
00188847
00188848
00188849
00188850
00188869
00188870
00188880
00188881
00188985
00189063
00189064
00189090
00189175
00189176
00189177
00189179
00189212
00189253
00189254
00189255
00189335
00189341
00189344
00189345
00189358
00189423
00189427
00189428
00189429
00189474
00189477
00189517
00189518
00189520
00189523
00189530
00189639
00189717
00189718
00189765
00189813
00189821
00189830
00189831
00189834
00189836
00189837
00189839
00189840
00189841
00189842
00189847
00189910
00189911
00189962
00189968
00189969
00189971
00189984
00189987
00189988
00189990
00190031
00190038
00190066
00190115
00190130
00190134
00190135
00190151
00190168
00190169
00190170
00190171
00190183
00190191
00190538
00190580
00190581
00190582
00190636
00190816
00190817
00190843
00190912
00190919
00191023
00191032
00191042
00191043
00191125
00191141
00191174
00191175
00191178
00191179
00191188
00191193
00191200
00191202
00191207
00191208
00191209
00191211
00191212
00191287
00191332
00191340
00191343
00191362
00191370
00191444
00191510
00191525
00191527
00191559
00191606
00191622
00191637
00191638
00191668
00191692
00191703
00191721
00191796
00191798
00191799
00191801
00191807
00191825
00191826
00191830
00191860
00191862
00191863
00191864
00191865
00191875
00191929
00191952
00191955
00191963
00191970
00191971
00191972
00192019
00192027
00192029
00192034
00192036
00192037
00192038
00192057
00192058
00192064
00192106
00192107
00192108
00192154
00192157
00192158
00192169
00192178
00192179
00192180
00192181
00192260
00192261
00192274
00192275
00192279
00192280
00192282
00192285
00192297
00192307
00192308
00192312
00192316
00192317
00192318
00192319
00192320
00192335
00192397
00192400
00192401
00192402
00192404
00192413
00192416
00192513
00192519
00192583
00192584
00192619
00192622
00192679
00192702
00192713
00192734
00192894
00192916
00192919
00192938
00192949
00192950
00192952
00192956
00192957
00192958
00192959
00192965
00192966
00192967
00192968
00192970
00192971
00193011
00193078
00193083
00193169
00193170
00193192
00193263
00193264
00193269
00193331
00193336
00193337
00193338
00193472
00193473
00193497
00193527
00193533
00193535
00193536
00193556
00193610
00193611
00193614
00193635
00193671
00193673
00193686
00193689
00193692
00193693
00193719
00193720
00193721
00193722
00193723
00193773
00193774
00193775
00193776
00193780
00193887
00193920
00193926
00193928
00193931
00193932
00193933
00193936
00193940
00194065
00194085
00194092
00194100
00194107
00194108
00194138
00194163
00194184
00194195
00194196
00194197
00194198
00194200
00194201
00194202
00194416
00194504
00194505
00194518
00194564
00194573
00194580
00194613
00194614
00194615
00194633
00194703
00194704
00194706
00194711
00194713
00194754
00194834
00194835
00194875
00194876
00194885
00194915
00194916
00194917
00194919
00194925
00194978
00195008
00195012
00195013
00195025
00195026
00195027
00195057
00195058
00195079
00195080
00195082
00195083
00195084
00195116
00195124
00195126
00195135
00195322
00195323
00195324
00195368
00195381
00195392
00195403
00195404
00195405
00195406
00195419
00195422
00195466
00195486
00195555
00195556
00195559
00195560
00195561
00195562
00195570
00195581
00195582
00195583
00195584
00195657
00195662
00195663
00195840
00195844
00195860
00195886
00195895
00195963
00195972
00195973
00195974
00195975
00196003
00196006
00196007
00196032
00196033
00196034
00196035
00196040
00196078
00196097
00196099
00196135
00196136
00196138
00196139
00196155
00196156
00196157
00196204
00196205
00196266
00196279
00196340
00196378
00196403
00196404
00196405
00196419
00196420
00196425
00196460
00196473
00196487
00196491
00196492
00196493
00196495
00196496
00196503
00196529
00196531
00196534
00196536
00196537
00196563
00196565
00196610
00196647
00196653
00196658
00196674
00196762
00196765
00196789
00196790
00196792
00196793
00196799
00196805
00196808
00196809
00196816
00196825
00196826
00196827
00196828
00196831
00196835
00196837
00196840
00196843
00196875
00196926
00196930
00196931
00196932
00196934
00196999
00197000
00197001
00197002
00197003
00197017
00197020
00197028
00197067
00197115
00197117
00197201
00197204
00197214
00197241
00197270
00197357
00197359
00197442
00197462
00197463
00197466
00197467
00197468
00197469
00197470
00197471
00197475
00197547
00197548
00197573
100000304
100000407
100000421
100000423
100000424
100000425
100000605
100000606
100000607
100000608
100000613
100000615
100000631
100000640
100000704
100000707
100000715
100000726
100000730
100000734
100000910
100000911
100000914
100001004
100001005
100001126
100001209
100001212
100001312
100001315
100001317
100001319
100001321
100001339
100001342
100001506
100001526
100001533
100001536
100001539
100001540
100001545
100001607
100001616
100001617
100001626
100001686
100001688
100001689
100001691
100001693
100001694
100001708
100001709
100001712
100001717
100001720
100001725
100001762
100001765
100001779
100001972
100001974
100001975
100001977
100001978
100001982
100001983
100001984
100002305
100002427
100002467
100002589
100002590
100002596
100002606
100002856
100002866
100002869
100002929
100002932
100002934
100002957
100002979
100002981
100002986
100003004
100003005
100003007
100003030
100003039
100003078
100003079
100003082
100003084
100003086
100003087
100003091
100003101
100003103
100003104
100003105
100003106
100003107
100003109
100003110
100003112
100003114
100003204
100003393
100003394
100003409
100003410
100003416
100003472
100003473
100003475
100003517
100003520
100003521
100003522
100003523
100003525
100003536
100003546
100003547
100003783
100003834
100003835
100003836
100003837
100003838
100003851
100003853
100003854
100003867
100003872
100003873
100003888
100003889
100003894
100003895
100003958
100003976
100003977
100003981
100003992
100003993
100003994
100003996
100003998
100003999
100004003
100004017
100004018
100004150
100004151
100004153
100004162
100004164
100004191
100004208
100004305
100004311
100004339
100004356
100004367
100004368
100004369
100004370
100004371
100004372
100004378
100004379
100004442
100004528
100004531
100004537
100004541
100004543
100004643
100004710
100004718
100004719
100004721
100004722
100004732
100004807
100004810
100004812
100004817
100004822
100004823
100004824
100004827
100004829
100004830
100004847
100004866
100004870
100004920
100004946
100004947
100005130
100005202
100005251
100005255
100005260
100005270
100005277
100005283
100005286
100005303
100005369
100005375
100005376
100005377
100005382
100005385
100005391
100005397
100005437
100005438
100005439
100005513
100005514
100005515
100005516
100005518
100005519
100005523
100005524
100005525
100005526
100005528
100005594
100005600
100005634
100005747
100005765
100005769
100005777
100005780
100005781
100005794
100005803
100005805
100005907
100005943
100006030
100006032
100006043
100006046
100006081
100006085
100006105
100006117
100006210
100006212
100006216
100006218
100006219
100006221
100006226
100006228
100006236
100006249
100006277
100006287
100006295
100006299
100006301
100006303
100006406
100006604
100006606
100006607
100006612
100006617
100006620
100006623
100006624
100006625
100006626
100006738
100006753
100006754
100006806
100006810
100006817
100006961
100006966
100006977
100007047
100007073
100007074
100007075
100007076
100007087
100007091
100007120
100007130
100007155
100007156
100007203
100007205
100007230
100007235
100007259
100007261
100007283
100007284
100007290
100007305
100007306
100007308
100007309
100007311
100007315
100007320
100007321
100007323
100007324
100007359
100007372
100007434
100007459
100007480
100007484
100007486
100007559
100007563
100007779
100007803
100007835
100007836
100007925
100007926
100007934
100007937
100007939
100007941
100007942
100007950
100007966
100007968
100007972
100007973
100007977
100007978
100007980
100007981
100007982
100007985
100008018
100008119
100008159
100008220
100008254
100008268
100008352
100008356
100008357
100008359
100008399
100008404
100008558
100008559
100008561
100008563
100008564
100008566
100008567
100008568
100008586
100008589
100008593
100008611
100008612
100008626
100008655
100008656
100008657
100008659
100008666
100008668
100008669
100008670
100008681
100008682
100008683
100008684
100008686
100008717
100008721
100008728
100008729
100008733
100008734
100008761
100008765
100008783
100008785
100008845
100008860
100008865
100008866
100008867
100008868
100008882
100008901
100008909
100008910
100008915
100008918
100008919
100008922
100008923
100008928
100008930
100008931
100008934
100008936
100008937
100008940
100008941
100008945
100008951
100008997
100009001
100009005
100009007
100009009
100009010
100009011
100009012
100009013
100009014
100009020
100009027
100009090
100009105
100009121
100009159
100009166
100009168
100009302
100009314
100009317
100009318
100009384
100009388
100009396
100009418
100009419
100009420
100009422
100009425
100009426
100009879
100009957
100009960
100009962
100009964
100009965
100009978
100009982
100009986
100009990
100009991
100009992
100009993
100010005
100010007
100010013
100010038
100010044
100010058
100010067
100010158
100010161
100010171
100010172
100010173
100010174
100010182
100010196
100010198
100010200
100010202
100010203
100010205
100010208
100010209
100010211
100010213
100010378
100010446
100010447
100010448
100010562
100010563
100010565
100010567
100010568
100010569
100010570
100010571
100010572
100010575
100010582
100010584
100010585
100010586
100010588
100010589
100010590
100010592
100010593
100010595
100010596
100010717
100010741
100010743
100010744
100010747
100010748
100010902
100010904
100010906
100010907
100010908
100010909
100010910
100010911
100010912
100010913
100010914
100010915
100010916
100010917
100010918
100010919
100010923
100010932
100010933
100011135
100011172
100011203
100011226
100011228
100011250
100011272
100011301
100011322
100011334
100011348
100011541
100011543
100011553
100011684
100011685
100011686
100011737
100011747
100011749
100011755
100011764
100011767
100011781
100011786
100011822
100011824
100011872
100011873
100011874
100011875
100011876
100011935
100011945
100012060
100012062
100012064
100012079
100012091
100012092
100012093
100012095
100012096
100012097
100012098
100012100
100012102
100012103
100012104
100012105
100012108
100012109
100012138
100012140
100012254
100012255
100012258
100012259
100012260
100012261
100012262
100012343
100012344
100012345
100012347
100012348
100012365
100012381
100012392
100012396
100012417
100012419
100012420
100012421
100012427
100012435
100012558
100012559
100012560
100012755
100012945
100014435
100014436
100014534
100014546
100015936
100016039
100016044
100016248
100016534
100016535
100016739
100016740
100016744
100017246
100017247
100017249
100017250
100017261
100017262
100017263
100017264
100017340
100018049
100018050
100018051
100018083
100018093
100018123
100018449
100019156
100019178
100019227
100019234
100019450
100019451
100019509
100019512
100019513
100019934
100019935
100019944
100020146
100020149
100020151
100020152
100020155
100020156
100020158
100020159
100020181
100020196
100020199
100020201
100020235
100020236
100020237
100020238
100020348
100020443
100020445
100020451
100020495
100020496
100020498
100020501
100020509
100020515
100020520
100020572
100020573
100020574
100021037
100021334
100021835
100021936
100021937
100021939
100021940
100021941
100021942
100021944
100022034
100022035
100022036
100022173
100022734
100022735
100022840
100022841
100022842
100022845
100022853
100022854
100022855
100022935
100022937
100022942
100022943
100022946
100023036
100023113
100023115
100023134
100023335
100023343
100023344
100023394
100023395
100023446
100023447
100023448
100023449
100023451
100023466
100023481
100023485
100023488
100023551
100023552
100023753
100023755
100023756
100023757
100023759
100023857
100023861
100023864
100023952
100023955
100023996
100024138
100024151
100024186
100024188
100024194
100024203
100024241
100024249
100024250
100024350
100024442
100024634
100024749
100024945
100024946
100024950
100024962
100025234
100025235
100025236
100025237
100025238
100025239
100025240
100025241
100025242
100025243
100025244
100025245
100025248
100025249
100025250
100025251
100025252
100025646
100025647
100025659
100025854
100025855
100025857
100025862
100025865
100025937
100025944
100026035
100026036
100026052
100026147
100026149
100026150
100026151
100026152
100026153
100026154
100026155
100026156
100026158
100026166
100026183
100026192
100026203
100026205
100026207
100026208
100026209
100026218
100026269
100026280
100026281
100026285
100026303
100026350
100026444
100026540
100026636
100026637
100026638
100026639
100026834
100026835
100026879
100026906
100026909
100028035
100028036
100028037
100028398
100028399
100028435
100028436
100028437
100028583
100028584
100028585
100028586
100028588
100028589
100028634
100028636
100028640
100028642
100028791
100029034
100029035
100029036
100029037
100029038
100029048
100029054
100029061
100029078
100029234
100029235
100029237
100029238
100029242
100029245
100029249
100029353
100029354
100029363
100029364
100029448
100029449
100029451
100029452
100029515
100029730
100029738
100029739
100029740
100029741
100029742
100029743
100029744
100029745
100029746
100029747
100029748
100029749
100029750
100029751
100029752
100029755
100029790
100029813
100029818
100029824
100029825
100029827
100029835
100029853
100029935
100029936
100029995
100030000
100030151
100030152
100030153
100030155
100030157
100030346
100030347
100030349
100030352
100030354
100030437
100030603
100030607
100030609
100030610
100030613
100030615
100030717
100030718
100030719
100030767
100030771
100030772
100030800
100030802
100030946
100030949
100030982
100030987
100030990
100030991
100030994
100031056
100031057
100031058
100031145
100031447
100031468
100031472
100031490
100031660
100031909
100031910
100031911
100031935
100031937
100031939
100032057
100032082
100032087
100032088
100032091
100032139
100032548
100032549
100032856
100033044
100033045
100033046
100033735
100034063
100034064
100034181
100034184
100034185
100034337
100034601
100034604
100034605
100034666
100034668
100034675
100034677
100034694
100034696
100034698
100034751
100034752
100034755
100035747
100035748
100035750
100036117
100036466
100036501
100036532
100036806
100036808
100036902
100036905
100036908
100036911
100036912
100036917
100036924
100036926
100036927
100036928
100036929
100036930
100036968
100036969
100036971
100036975
100036977
100036979
100036980
100036985
100036997
100037006
100037007
100037014
100037019
100037020
100037187
100037237
100037238
100037283
100037292
100037814
100037819
100038164
100038338
100038339
100038340
100038341
100038342
100038343
100038344
100038345
100038347
100038348
100038349
100038350
100038351
100038353
100038354
100038355
100038356
100038357
100039090
100039091
100039393
100040456
